9.192882375093877623e-02 -4.572301549499384610e-01 -2.058482252779227110e+03 -1.010188186417912675e+03 1.509974918143779178e+03 -3.295215139423135042e+00 -7.367690572130129567e+00 -5.684039275745348618e+00
6.836532278938270424e-02 -1.197838438474573497e+00 -2.085504440269883617e+03 -1.013523524297189510e+03 1.509932393617382786e+03 -3.292115828786620568e+00 -7.362298120026089521e+00 -5.679321029070862892e+00
3.713400516046305722e-01 -1.364781615205574727e+00 -2.067981342709917953e+03 -1.014389429486114182e+03 1.510106926517366446e+03 -3.304583545969535407e+00 -7.384158846381140506e+00 -5.700439806131583964e+00
2.560047809084821657e-01 -5.970066452957683012e-01 -2.058545462964411854e+03 -1.010696046727354997e+03 1.509976563327081749e+03 -3.295249894929725087e+00 -7.367787415581275923e+00 -5.684314594614079397e+00
2.142876835032118954e-01 -1.448720848960801888e+00 -2.079786071327081572e+03 -1.015925725541933161e+03 1.509968445736421472e+03 -3.296583999351355487e+00 -7.369221479381316442e+00 -5.683285757239232794e+00
5.344522440164619637e-01 -1.177323838690063518e+00 -2.058051599538348910e+03 -1.012243697623855155e+03 1.510100573845012150e+03 -3.303023469155675684e+00 -7.381903982929642893e+00 -5.698764108106672666e+00
4.204805772747727821e-01 -1.942993263225076817e-01 -2.046561477843135208e+03 -1.009074435473117546e+03 1.509941699319288091e+03 -3.293045070448442857e+00 -7.363801616342342982e+00 -5.680427322209368413e+00
1.542955725059043381e-01 -1.026549619851866879e+00 -2.074017758194715952e+03 -1.013000893018439797e+03 1.509959860161084862e+03 -3.294267066180339043e+00 -7.365971579564622118e+00 -5.682207290969657265e+00
2.465568029505882386e-01 -4.476511847577060443e-01 -2.054908654668101462e+03 -1.010080005155231561e+03 1.509967508542802534e+03 -3.294684414788719096e+00 -7.366761505027035639e+00 -5.683282834726355759e+00
5.819107104382428286e-01 -1.271310485921568034e+00 -2.056871930426906147e+03 -1.012209400670737523e+03 1.510133323382053504e+03 -3.304854726027315337e+00 -7.385342644413924518e+00 -5.702440967284573503e+00
3.601559298344493842e-01 -1.392323655149666495e+00 -2.068990411241073616e+03 -1.014634632023606400e+03 1.510107631692627820e+03 -3.304791750885158308e+00 -7.384453374535986825e+00 -5.700657735997666009e+00
3.029115756158906048e-01 -7.529983819182959337e-01 -2.060711717552518621e+03 -1.011358007938622677e+03 1.509987181758288443e+03 -3.295951007369239960e+00 -7.369040752732551880e+00 -5.685522339256408486e+00
5.337875265137690395e-01 -1.103798996680416034e+00 -2.057385947204793865e+03 -1.011964183818600077e+03 1.510078426409067106e+03 -3.301619391776569046e+00 -7.379358394938059007e+00 -5.696133195278960670e+00
3.257431211702680462e-01 -1.109511248068888456e-01 -2.045202323802969431e+03 -1.008895276092941231e+03 1.509936028976107536e+03 -3.292691816172123254e+00 -7.363160554944180092e+00 -5.679801278144537946e+00
1.181085628662143505e-01 -5.279386603506283082e-01 -2.060261072020659867e+03 -1.010462321917659665e+03 1.509977535968129814e+03 -3.295363511656375977e+00 -7.367967123522312534e+00 -5.684362770850199809e+00
1.211073883482920027e-01 -1.145598167526768130e+00 -2.079583472950542273e+03 -1.013653226789490532e+03 1.509935598331034043e+03 -3.292655417079799918e+00 -7.363096085223993725e+00 -5.679240773344957915e+00
2.837307411120008616e-01 -1.008999210014009940e-01 -2.045115070055611795e+03 -1.008881918218321061e+03 1.509935618433803484e+03 -3.292666740657125501e+00 -7.363114806290802505e+00 -5.679755555157925073e+00
5.421394885213658421e-01 -8.442350925726344046e-01 -2.054412490947578590e+03 -1.010948058797941940e+03 1.510017032481003298e+03 -3.297706159427093553e+00 -7.372282307624914210e+00 -5.688940703397292964e+00
3.394874759133518771e-01 -2.653591509314714436e-01 -2.048903046774084032e+03 -1.009345507929506766e+03 1.509949874330156263e+03 -3.293564576139374367e+00 -7.364739432831292731e+00 -5.681325407086575296e+00
3.239099880094172268e-01 -9.134926898544659668e-01 -2.063143416904434162e+03 -1.012126684307745222e+03 1.510002546731784605e+03 -3.297050428532770638e+00 -7.370966102709964218e+00 -5.687296428003875803e+00
1.773579053543153372e-01 -5.319093152368439270e-01 -2.058847567322287432e+03 -1.010471767353797645e+03 1.509974602394358044e+03 -3.295149120529799802e+00 -7.367593721106807436e+00 -5.684067398798632098e+00
5.171517821121460745e-01 -8.113806579972149269e-01 -2.054796619014460248e+03 -1.010935754893621151e+03 1.510010474278331458e+03 -3.297317169771190493e+00 -7.371565669453602254e+00 -5.688195958051821322e+00
2.992968898396040078e-01 -1.306138777589658018e+00 -2.071330793411921150e+03 -1.014528573796707178e+03 1.510040407196820524e+03 -3.300459714446162707e+00 -7.376622540499170100e+00 -5.692189616616772696e+00
3.984764778490093029e-01 -9.514438863913530220e-01 -2.060809166523632484e+03 -1.012044172080741305e+03 1.510023117501991237e+03 -3.298334842348538132e+00 -7.373300573643795985e+00 -5.689724326766750551e+00
1.435588233477613773e-01 -1.444468260351568389e+00 -2.085769977984516117e+03 -1.015940746461102208e+03 1.509881374834007147e+03 -3.290247237615801623e+00 -7.358177558836729304e+00 -5.671741892138712160e+00
4.571233085841008292e-01 -6.055595131742308457e-01 -2.053562341979758912e+03 -1.010356293048974408e+03 1.509979797473611598e+03 -3.295403393874721587e+00 -7.368090120044463731e+00 -5.684697968300383764e+00
2.728029559962241724e-01 -1.013880119473906438e+00 -2.067386274323269390e+03 -1.012835847212634121e+03 1.509995828412287210e+03 -3.296773646788039969e+00 -7.370388928909960669e+00 -5.686475366771105655e+00
5.013583679388736725e-01 -6.526215342583605583e-01 -2.053174979141328549e+03 -1.010408718340450832e+03 1.509985677001054228e+03 -3.295756890305881370e+00 -7.368738427625068255e+00 -5.685363487268119798e+00
4.797100266903026600e-01 -7.123384138336410487e-01 -2.054584201699964524e+03 -1.010697330289396632e+03 1.509993736373871798e+03 -3.296278691698432795e+00 -7.369676556929064759e+00 -5.686282677718779155e+00
9.822871611774175449e-02 -9.174169220123444823e-01 -2.073968207785722370e+03 -1.012195347498311776e+03 1.509972904105316047e+03 -3.294971780935384231e+00 -7.367308480421471018e+00 -5.683938196324575642e+00
5.748083027032605541e-01 -7.959449937357570004e-01 -2.052926533378366912e+03 -1.010638402034349269e+03 1.510007705817597980e+03 -3.297088902198993310e+00 -7.371178087351900388e+00 -5.687856430468428925e+00
4.609119548952361062e-02 -6.781129736057491808e-01 -2.067953108955584412e+03 -1.010942066721448327e+03 1.509994480445622912e+03 -3.296508110035972550e+00 -7.370000357398474478e+00 -5.686191439541318005e+00
2.371108093871842071e-01 -1.279187056022929481e+00 -2.074770646003292313e+03 -1.014632717140293039e+03 1.509987198764448294e+03 -3.296959675068706019e+00 -7.370340984484279545e+00 -5.685442953248966091e+00
3.852162492217912626e-01 -3.616523696354128070e-01 -2.050470634428587346e+03 -1.009613379251902529e+03 1.509957150441661724e+03 -3.294009046875089552e+00 -7.365550469805349110e+00 -5.682142100842284549e+00
6.508688257556978496e-02 -7.904424216249030799e-01 -2.071305138108227766e+03 -1.011449675929137356e+03 1.509989925784502020e+03 -3.296147994850514351e+00 -7.369384701153968820e+00 -5.685809576808040333e+00
1.126519541993721563e-01 -8.386271399329348064e-02 -2.045225691030424969e+03 -1.008880860997897230e+03 1.509935731980635410e+03 -3.292677762385437745e+00 -7.363132881802840757e+00 -5.679764616873228533e+00
4.028272065526650181e-01 -1.439763713027350622e+00 -2.067123144179045084e+03 -1.014532813471168879e+03 1.510152647884118323e+03 -3.307457203343005858e+00 -7.389395425058786770e+00 -5.706117795496624012e+00
2.511947019635984990e-01 -5.507983165257616109e-01 -2.057501781367333933e+03 -1.010499114942304004e+03 1.509974059562327056e+03 -3.295092375900253501e+00 -7.367502187146932613e+00 -5.684028582209990077e+00
3.237877556795485529e-02 -7.220981373416730520e-01 -2.070233661376432337e+03 -1.011042433665948579e+03 1.510001014166115283e+03 -3.296957660034308901e+00 -7.370795189889754795e+00 -5.686881362710536791e+00
3.702232568699553306e-01 -8.978688102192240450e-01 -2.061038415516142777e+03 -1.011891851005916124e+03 1.510009928250067333e+03 -3.297474294648452542e+00 -7.371755314234796685e+00 -5.688167400544728025e+00
4.724271758405722277e-02 -1.127522269051987491e+00 -2.084868371235297673e+03 -1.012822094244998652e+03 1.509967467689629757e+03 -3.294450890664393228e+00 -7.366457470363698690e+00 -5.683648294620624597e+00
3.782243948448116289e-01 -1.098404432262762853e-01 -2.044944649944894536e+03 -1.008872128898028450e+03 1.509935220361283427e+03 -3.292638781668415504e+00 -7.363065609468655737e+00 -5.679714206699188139e+00
2.821226972871382008e-02 -7.873105720849649103e-02 -2.045318357386255229e+03 -1.008884927526966294e+03 1.509935950789991693e+03 -3.292693446473151653e+00 -7.363160342273609160e+00 -5.679786879680975176e+00
1.557095648221321627e-01 -1.800254111969850079e-01 -2.048210651736300861e+03 -1.009184612777645725e+03 1.509945901813586488e+03 -3.293332904975045494e+00 -7.364311249157957207e+00 -5.680869858098418490e+00
1.140792745999916896e-01 -2.760301638150117753e-01 -2.051819435724224149e+03 -1.009533354933979240e+03 1.509957221035427210e+03 -3.294068034500014619e+00 -7.365630682570809995e+00 -5.682098131947086017e+00
5.615900274689650251e-01 -1.208720808681100545e+00 -2.057215577350140393e+03 -1.012154738144199882e+03 1.510112057085324295e+03 -3.303632452944441411e+00 -7.383065391624441531e+00 -5.700026569912850505e+00
4.962693896931261173e-01 -8.660271868424025410e-01 -2.056125097692708550e+03 -1.011235998551127295e+03 1.510019683753399022e+03 -3.297931621793622980e+00 -7.372662488125278912e+00 -5.689270657558878952e+00
1.933537305160270767e-02 -1.255304868288803943e+00 -2.092680495461388091e+03 -1.012736997871648555e+03 1.509998972939898977e+03 -3.296560658388216325e+00 -7.370207934794457572e+00 -5.687546540494665237e+00
2.330056968024478703e-01 -1.454638373591005784e+00 -2.078445576045120106e+03 -1.015891789534756981e+03 1.509992688901073052e+03 -3.298230309154973838e+00 -7.372151224510091083e+00 -5.686488389224621187e+00
4.143542869203701851e-01 -4.037898222473443877e-01 -2.050867349180026395e+03 -1.009717161630677424e+03 1.509960152621243196e+03 -3.294188961142253902e+00 -7.365880542420363497e+00 -5.682481712409284569e+00
2.861156295763702118e-01 -3.444961076229811070e-01 -2.051534389279839161e+03 -1.009658113460182449e+03 1.509958271648688651e+03 -3.294098302585439342e+00 -7.365702917903448110e+00 -5.682252975377664939e+00
5.716812766551224723e-01 -1.058011965514161101e+00 -2.055536401234480763e+03 -1.011546406798895305e+03 1.510066837766193203e+03 -3.300780735342186745e+00 -7.377888462180258955e+00 -5.694687807118867795e+00
2.782198305678639239e-01 -6.015216405387030507e-01 -2.058049828670582428e+03 -1.010689146279800866e+03 1.509977032912017421e+03 -3.295275540398733938e+00 -7.367835802602321849e+00 -5.684370975249336766e+00
5.824350038437384747e-01 -9.623750700184605655e-01 -2.054304879973432435e+03 -1.011153758971597995e+03 1.510042385550984591e+03 -3.299235818505508178e+00 -7.375087923261318679e+00 -5.691833092733347144e+00
5.623120952150091334e-01 -1.622498445329250139e-01 -2.044983165074328099e+03 -1.008903835298318199e+03 1.509936213007553761e+03 -3.292693845552093990e+00 -7.363168832323061963e+00 -5.679828295216495349e+00
2.419476748518679665e-01 -7.163144081470094182e-01 -2.061944781979591880e+03 -1.011271041314314175e+03 1.509981016845217709e+03 -3.295548181799176746e+00 -7.368318532582172509e+00 -5.684814783367343693e+00
4.371079199668289061e-01 -1.042083466623444199e+00 -2.060549042757863390e+03 -1.012290070374798574e+03 1.510048572282247051e+03 -3.299972827920214513e+00 -7.376254650543693003e+00 -5.692747186619811828e+00
4.478140574015608832e-01 -9.725616922660259567e-01 -2.059206563957311573e+03 -1.011914953187538117e+03 1.510035712251652512e+03 -3.299073088162344902e+00 -7.374667031966275488e+00 -5.691189768586284004e+00
4.812837615354413900e-01 -4.441248987510331148e-01 -2.050453686858117635e+03 -1.009744950231367739e+03 1.509962247395543272e+03 -3.294304706760271984e+00 -7.366097897701415320e+00 -5.682721703444514105e+00
8.512956566153544180e-02 -2.608314634719870462e-01 -2.051634401875907315e+03 -1.009494158674667233e+03 1.509956565777342576e+03 -3.294031170755602034e+00 -7.365561843581062362e+00 -5.682019789637564600e+00
4.625280028040686386e-01 -2.122194031532849134e-01 -2.046581531411629612e+03 -1.009091728848901084e+03 1.509942233195500421e+03 -3.293074856094392544e+00 -7.363857365341729633e+00 -5.680488693282242707e+00
4.061887475618169985e-01 -6.161795352527401626e-01 -2.054999309701921902e+03 -1.010518733149334707e+03 1.509980524181235523e+03 -3.295466299980091662e+00 -7.368195618512359601e+00 -5.684778783667951529e+00
5.117824947988869333e-01 -1.133637611581943982e+00 -2.058557497588067690e+03 -1.012231671466766898e+03 1.510085023485976762e+03 -3.302118555323545479e+00 -7.380224100415425426e+00 -5.696977127343274105e+00
2.428911711413785091e-01 -1.546052113885529877e-01 -2.046828911407284522e+03 -1.009060265100599281e+03 1.509941562073395744e+03 -3.293048510407231788e+00 -7.363802003958305420e+00 -5.680402389907868610e+00
5.567712649969320804e-01 -1.357284327314700834e+00 -2.058606125793933643e+03 -1.012736841370819207e+03 1.510165610860863126e+03 -3.306980527416783389e+00 -7.389165607862615559e+00 -5.706405853767961389e+00
3.338346292817648830e-01 -4.388790455728306394e-01 -2.053011048348053919e+03 -1.009950349280021669e+03 1.509964965907625356e+03 -3.294504234613384597e+00 -7.366445236147662001e+00 -5.683013119117532597e+00
5.087431808570653802e-01 -1.293943986624944920e+00 -2.060238381174070128e+03 -1.012914335643645927e+03 1.510136998670773437e+03 -3.305476459606495609e+00 -7.386285906340674501e+00 -5.703267168637353279e+00
2.010484357394534682e-01 -2.320933600701389210e-01 -2.049446178474185217e+03 -1.009334256799478794e+03 1.509950257609629034e+03 -3.293607343101996321e+00 -7.364807789190656706e+00 -5.681350894431290044e+00
1.580415507475503856e-01 -8.784865818882825472e-01 -2.069661336324502372e+03 -1.012140271711878881e+03 1.509973468329788830e+03 -3.295070965281070130e+00 -7.367455339529172420e+00 -5.683920827127991515e+00
1.693368226604682336e-01 -1.455208726570708544e+00 -2.083677623992452027e+03 -1.016062735536046148e+03 1.509910156101381517e+03 -3.292526310823802760e+00 -7.362058067540317552e+00 -5.675551824072712748e+00
2.972836490123987874e-01 -1.087253044155658488e+00 -2.067602572881477499e+03 -1.013191919180074819e+03 1.510010647983416220e+03 -3.297872155406366801e+00 -7.372295923599793355e+00 -5.688275174529039191e+00
4.605549094052028836e-01 -1.427899467617971707e+00 -2.063862693550160202e+03 -1.013935066592265684e+03 1.510176208142564064e+03 -3.308407988172064051e+00 -7.391395244957500665e+00 -5.708499130074017103e+00
4.949092890381113219e-01 -2.989343113219362635e-01 -2.047825457554117747e+03 -1.009293673403013827e+03 1.509948588827857748e+03 -3.293463668968342972e+00 -7.364566483292691146e+00 -5.681196205450774528e+00
7.180221975405697010e-02 -1.418452080537107030e-01 -2.047466072551566640e+03 -1.009091608395940966e+03 1.509943158977275743e+03 -3.293161056706139789e+00 -7.363999864346617130e+00 -5.680566463971075564e+00
1.960590696696274671e-01 -3.781003818730832577e-01 -2.053882648220329429e+03 -1.009853374672548284e+03 1.509963755361513904e+03 -3.294464353837327053e+00 -7.366355256486684766e+00 -5.682844776811506904e+00
5.764374328574994877e-01 -3.240228273114194035e-01 -2.047229770038385823e+03 -1.009257925031412697e+03 1.509948114420850970e+03 -3.293423265781257214e+00 -7.364498434763696366e+00 -5.681147998263824661e+00
3.423339211332556142e-01 -1.170480167043860931e+00 -2.066738991249216269e+03 -1.013473482445440141e+03 1.510043128021735583e+03 -3.300088212659886722e+00 -7.376230873664319176e+00 -5.692282314082191874e+00
1.891912086240727653e-01 -6.127506441948932236e-01 -2.060877200698082106e+03 -1.010818321561998232e+03 1.509977433960249073e+03 -3.295318888560643700e+00 -7.367905241569495445e+00 -5.684401706024246437e+00
4.017996710719659581e-01 -7.685677618079356233e-01 -2.057761696522747116e+03 -1.011177807993492706e+03 1.509997453182620575e+03 -3.296574528940936943e+00 -7.370181978187609673e+00 -5.686712940903106528e+00
3.480964435353717801e-01 -1.037944850794738638e+00 -2.064310689411377098e+03 -1.012706904738179333e+03 1.510023764852720433e+03 -3.298562626916691443e+00 -7.373618768174644345e+00 -5.689840339046313034e+00
6.326702195974211185e-02 -1.194860419983742483e+00 -2.085863237713537728e+03 -1.013433562091367776e+03 1.509936816636266940e+03 -3.292384301777246947e+00 -7.362789278468227394e+00 -5.679926065987629613e+00
3.385133779054277925e-02 -3.569237919920129620e-01 -2.055935427417443407e+03 -1.009836578505182047e+03 1.509969516829181885e+03 -3.294891819953477352e+00 -7.367097376307590650e+00 -5.683402248894623199e+00
4.831990296689490094e-01 -2.919495303067343173e-02 -2.042917088295991107e+03 -1.008658086445373556e+03 1.509927934034213195e+03 -3.292172110621663705e+00 -7.362224959930600221e+00 -5.678921272635747641e+00
1.636489546449491628e-01 -7.206581930047795126e-02 -2.044671369542258844e+03 -1.008829082809078955e+03 1.509933897884015551e+03 -3.292558297641733134e+00 -7.362918627473561628e+00 -5.679566728442409840e+00
2.267004859696809815e-01 -4.603676213044680665e-01 -2.055658533908170284e+03 -1.010147480793866862e+03 1.509968907864325956e+03 -3.294777540214909095e+00 -7.366927591919939289e+00 -5.683435714081653600e+00
1.802824188335512834e-01 -7.085632311203519107e-01 -2.063896513664605664e+03 -1.011268922896114418e+03 1.509979039291634990e+03 -3.295419154486864954e+00 -7.368087157232849904e+00 -5.684588562522577604e+00
4.319313337211535542e-01 -9.029068285180259501e-01 -2.058829785970943703e+03 -1.011673057636749149e+03 1.510020348352657493e+03 -3.298073540117115954e+00 -7.372870301070484800e+00 -5.689378718782137412e+00
2.086240663567982268e-01 -1.047268498787889079e+00 -2.071442312218324787e+03 -1.013155061762622154e+03 1.509973277127181973e+03 -3.295310007683497133e+00 -7.367757748364745396e+00 -5.683738442303024385e+00
2.718691465123431739e-01 -8.303413852909574677e-01 -2.063521584896304375e+03 -1.011811688221364875e+03 1.509987639321896040e+03 -3.296025814210963745e+00 -7.369152932418117530e+00 -5.685556617068584728e+00
5.459729197069945750e-01 -3.740159355080685533e-01 -2.048343343931100208e+03 -1.009430891563162731e+03 1.509953558085119312e+03 -3.293759996212770602e+00 -7.365110778506654299e+00 -5.681753053865975289e+00
2.106853808898736802e-01 -4.301635994575936373e-02 -2.043650513442473539e+03 -1.008729160604774961e+03 1.509930416891772211e+03 -3.292333022835350675e+00 -7.362513926273720699e+00 -5.679189877342807335e+00
4.246070841532664786e-01 -3.299870008870500193e-01 -2.049273820849479762e+03 -1.009465196027727188e+03 1.509953300872223281e+03 -3.293764321162825581e+00 -7.365108686868097720e+00 -5.681715851653180493e+00
3.222620438401624376e-01 -5.858371179120150929e-01 -2.056532469160163600e+03 -1.010555800875880550e+03 1.509976559111297092e+03 -3.295235437549081325e+00 -7.367768302237458045e+00 -5.684322532566397967e+00
4.395629765720890925e-01 -6.642327977833336616e-01 -2.054947628210467428e+03 -1.010628364559701254e+03 1.509986522978304038e+03 -3.295837786806146141e+00 -7.368871434217481919e+00 -5.685461424243030137e+00
1.737295547656755867e-01 -2.415725085267330652e-01 -2.050014400005799871e+03 -1.009382336158018916e+03 1.509951918589712704e+03 -3.293717184588729197e+00 -7.365004012097521979e+00 -5.681529251854229301e+00
1.261197915115208901e-01 -1.202518627082463043e+00 -2.080845718774550733e+03 -1.014061366542589781e+03 1.509924699386803695e+03 -3.292054022255342716e+00 -7.361960807766713799e+00 -5.677768702230252984e+00
3.562243698003934866e-02 -5.009338430373464490e-01 -2.061473382331616904e+03 -1.010314103963262028e+03 1.509984229307317491e+03 -3.295860040834554638e+00 -7.368829108869931588e+00 -5.684999346526737440e+00
1.990713766012547625e-01 -7.785408433014524565e-01 -2.065115375439498621e+03 -1.011617473732905523e+03 1.509979286064084135e+03 -3.295445870503328933e+00 -7.368129868694602180e+00 -5.684606892961312496e+00
2.811467671165484017e-01 -3.431260682758807690e-02 -2.043289657342683540e+03 -1.008694101407055086e+03 1.509929192191772472e+03 -3.292253682765021949e+00 -7.362371432411904948e+00 -5.679057364147837461e+00
3.122847434413525969e-01 -2.804471339297009980e-01 -2.049576816712024083e+03 -1.009416749241858497e+03 1.509951932437164942e+03 -3.293697262439991391e+00 -7.364978052609657766e+00 -5.681550657571918350e+00
4.406002500390227006e-01 -1.369557761115720362e+00 -2.064296330159343142e+03 -1.013839136643559414e+03 1.510145560800313888e+03 -3.306551524982182855e+00 -7.387977526904656145e+00 -5.704809380491880688e+00
3.644852208459208320e-01 -4.981146673834873084e-01 -2.053687773652299256e+03 -1.010131903135882453e+03 1.509969454896581510e+03 -3.294777126608380513e+00 -7.366944001996522218e+00 -5.683523430765077933e+00
3.027196004128002854e-02 -2.528413533128324175e-01 -2.051971155320931757e+03 -1.009488582948775615e+03 1.509957546608461143e+03 -3.294105346848198224e+00 -7.365690061551745771e+00 -5.682112457701634867e+00
1.415524343447547573e-01 -8.175616434053518677e-01 -2.068643004012770689e+03 -1.011793491608386034e+03 1.509976765474265449e+03 -3.295264569112532627e+00 -7.367813084750004293e+00 -5.684332324637296097e+00
7.409039164821826229e-02 -9.362384893605480984e-01 -2.076019334401630204e+03 -1.012158850778664828e+03 1.509977594424661675e+03 -3.295261522655664521e+00 -7.367835800572244409e+00 -5.684528604596380319e+00
4.909829096829603778e-01 -1.371619661742588425e+00 -2.061793711731980238e+03 -1.013398971038094373e+03 1.510162776523873163e+03 -3.307260532355371652e+00 -7.389453991333901683e+00 -5.706546729954638408e+00
3.431537052362358398e-01 -6.917085140408010258e-01 -2.058164777570919796e+03 -1.010983942014265494e+03 1.509985527107113739e+03 -3.295815053686169449e+00 -7.368810456345343596e+00 -5.685342189712528693e+00
4.498245845986383884e-01 -1.113023515574169009e+00 -2.060915431679240100e+03 -1.012547186198941745e+03 1.510068410518060318e+03 -3.301268857207901419e+00 -7.378584080686408697e+00 -5.695132987789065737e+00
5.315787327296744857e-01 -1.797338531503920311e-01 -2.045469673768944631e+03 -1.008962064388061549e+03 1.509938114663982560e+03 -3.292813802471130202e+00 -7.363385796826662499e+00 -5.680036946618045590e+00
3.545467639882621258e-01 -5.090040230890791051e-02 -2.043602172476522810e+03 -1.008726852583905043e+03 1.509930314749804438e+03 -3.292325632986091932e+00 -7.362501016130472919e+00 -5.679179446252618391e+00
5.030638292262004097e-01 -4.840090535348280376e-01 -2.050687545761397814e+03 -1.009831903300584145e+03 1.509965706477586764e+03 -3.294513058507106962e+00 -7.366479638868341340e+00 -5.683110677509176867e+00
2.066084034605781272e-01 -1.397461165051208765e+00 -2.079350648961606566e+03 -1.015567578942615455e+03 1.509958966011090297e+03 -3.295628558566022548e+00 -7.367680330929019306e+00 -5.681932702687504388e+00
8.276703680409144837e-02 -6.719936995021994486e-01 -2.066313597765069517e+03 -1.011012330492178307e+03 1.509986266904347758e+03 -3.295927360365169534e+00 -7.368980597481446182e+00 -5.685352133401678998e+00
1.231441735678847071e-01 -5.783411773422271196e-01 -2.061785995551566884e+03 -1.010668375523860277e+03 1.509979392761613326e+03 -3.295473411655507334e+00 -7.368169468631144525e+00 -5.684586460208734593e+00
2.205815586955645891e-01 -1.236907596251693997e+00 -2.074986898286663745e+03 -1.014387116992120355e+03 1.509973930381826904e+03 -3.295897222163034712e+00 -7.368533100974907768e+00 -5.683738321046220676e+00
5.664522115608101593e-01 -6.291790250421029906e-01 -2.051301143656662589e+03 -1.010133937972554008e+03 1.509981389804952414e+03 -3.295462111805363747e+00 -7.368216572141221832e+00 -5.684873299365975186e+00
2.865372418027046786e-01 -9.287465985666494284e-01 -2.065014399754446458e+03 -1.012313850711626401e+03 1.509995173451992741e+03 -3.296605148783669392e+00 -7.370149150086433565e+00 -5.686417573394010105e+00
1.593788697431167412e-01 -4.346232557424811738e-01 -2.056287501741056985e+03 -1.010088915851422371e+03 1.509969473825142359e+03 -3.294836974361203374e+00 -7.367023477688768196e+00 -5.683472701416548034e+00
2.521366887125418149e-02 -1.077372400535968611e+00 -2.084842290143927585e+03 -1.012217518961847873e+03 1.510004537309438547e+03 -3.297063377242750448e+00 -7.371042612982492415e+00 -5.687698739300316220e+00
1.014747276848225743e-01 -1.269317045850911985e+00 -2.084836863213068682e+03 -1.014362560151605521e+03 1.509903086248401223e+03 -3.290498190057292049e+00 -7.359246570607879789e+00 -5.675154921224859095e+00
1.065964422229769837e-01 -4.729985050461253948e-01 -2.058692486760534393e+03 -1.010248007481385230e+03 1.509975018550265986e+03 -3.295212834668234336e+00 -7.367690608199112035e+00 -5.684063883622400226e+00
3.366653027143647336e-01 -8.566306604526465751e-01 -2.061574826353255048e+03 -1.011793849403397189e+03 1.509999548277558915e+03 -3.296797343459388685e+00 -7.370540037108412434e+00 -5.686949469491693776e+00
6.089051147859388807e-02 -2.914887415780680335e-01 -2.053051010512464472e+03 -1.009609278255094978e+03 1.509960844803916871e+03 -3.294314906922295449e+00 -7.366068359608810567e+00 -5.682477268506815449e+00
3.735148319216366475e-02 -9.345724690472699825e-01 -2.078279423301148199e+03 -1.011843926816014346e+03 1.509999115662359600e+03 -3.296741816280700732e+00 -7.370451558441054374e+00 -5.686915576775305681e+00
1.921253126558560009e-01 -1.117954312387154925e+00 -2.074096235932219315e+03 -1.013617830608400482e+03 1.509962732257220068e+03 -3.294725249228918074e+00 -7.366655599217899919e+00 -5.682402087628574350e+00
4.340769995042465523e-01 -4.858385951980017659e-01 -2.052042536461360214e+03 -1.009969111745446980e+03 1.509967378670879725e+03 -3.294632119974039597e+00 -7.366688485971799594e+00 -5.683295354180572190e+00
3.170227783243753095e-01 -1.344070383938960944e+00 -2.070864170780436325e+03 -1.014658495345660185e+03 1.510061802613444343e+03 -3.301922729369891840e+00 -7.379222641680023287e+00 -5.694936188345238293e+00
4.697907170592301451e-01 -1.231292198533192384e+00 -2.061387838015221405e+03 -1.012953099003802890e+03 1.510107420438431518e+03 -3.303779122384923994e+00 -7.383118299572309695e+00 -5.699849308862056319e+00
5.474381307089822846e-01 -1.141531893863575453e+00 -2.057202252440222765e+03 -1.012013147809416296e+03 1.510090315468909694e+03 -3.302325547930649918e+00 -7.380661277711077162e+00 -5.697504319012324459e+00
5.495053531522189338e-01 -5.649390085937924244e-01 -2.050888466175103986e+03 -1.009981479746366290e+03 1.509973574342315715e+03 -3.294985881483455614e+00 -7.367346572685882222e+00 -5.683994479498167607e+00
3.634432214394087146e-01 -2.246920606319324776e-01 -2.047710801295908595e+03 -1.009201613239219228e+03 1.509945646707355763e+03 -3.293297237587239579e+00 -7.364256194068701689e+00 -5.680859449819010365e+00
4.241537883465720804e-01 -1.295067084870534124e+00 -2.064294345166400035e+03 -1.013606108643454832e+03 1.510112916066440448e+03 -3.304465567121383174e+00 -7.384196486148155714e+00 -5.700787283431381525e+00
3.799084608825769593e-01 -9.796718907717150149e-01 -2.061993936613963797e+03 -1.012264184014904799e+03 1.510023704891375928e+03 -3.298429577278284341e+00 -7.373443235114400807e+00 -5.689806459180971387e+00
1.524880132604004845e-02 -7.849807900062300003e-01 -2.073587457646583971e+03 -1.011140794733400980e+03 1.510013415317740510e+03 -3.297825222106837373e+00 -7.372322931327751405e+00 -5.688149058280728809e+00
4.088389704082949216e-01 -9.052504865452615235e-02 -2.044382673040803184e+03 -1.008812176659274655e+03 1.509933201409071444e+03 -3.292509611773027700e+00 -7.362832859179789580e+00 -5.679494274885712457e+00
3.830929749181517519e-01 -1.185094793738098451e+00 -2.064917087996929240e+03 -1.013320179249051307e+03 1.510064786820673135e+03 -3.301381064838267321e+00 -7.378616031741685788e+00 -5.694887789233703757e+00
4.725562949800388712e-01 -3.461224562255669213e-01 -2.048927068854372465e+03 -1.009455593373453212e+03 1.509953366055851347e+03 -3.293760479272123121e+00 -7.365105583032850234e+00 -5.681727196959400317e+00
1.487607887588776046e-01 -9.410147012968079760e-01 -2.071921766937730354e+03 -1.012479854478932680e+03 1.509968070279378480e+03 -3.294729705738518533e+00 -7.366838009635316098e+00 -5.683267293562280997e+00
4.869735022321461382e-01 -1.305815327423622829e-01 -2.044866821764157521e+03 -1.008875946975914758e+03 1.509935290794011053e+03 -3.292639616833923810e+00 -7.363068855424351966e+00 -5.679724605466716980e+00
5.045874285806125625e-01 -1.063485048849833969e+00 -2.058112132575405667e+03 -1.011991641582532566e+03 1.510064722904405016e+03 -3.300831161015082671e+00 -7.377891042556925072e+00 -5.694568735471634113e+00
2.245485413947455600e-01 -3.831376757053663873e-01 -2.053544995524013302e+03 -1.009851484905975894e+03 1.509963242643299964e+03 -3.294424081374131674e+00 -7.366286276321766024e+00 -5.682795860996009196e+00
2.891533622777126000e-01 -4.126919570076286181e-01 -2.053204094150280071e+03 -1.009903646457117929e+03 1.509963827216297886e+03 -3.294443867939037318e+00 -7.366330419846356392e+00 -5.682877053217566754e+00
1.475767446849372277e-01 -3.398327179439371015e-01 -2.053480420404255256e+03 -1.009741997083077308e+03 1.509962229327912382e+03 -3.294381583282699921e+00 -7.366198970235046772e+00 -5.682658582929278168e+00
2.960606520107526562e-01 -1.422084682801505462e+00 -2.073410329437069777e+03 -1.015295479300115744e+03 1.510059887909715371e+03 -3.302238492140247672e+00 -7.379566841556979284e+00 -5.694977402255517518e+00
3.270853824643722429e-01 -7.564082916534975443e-01 -2.059968343654968976e+03 -1.011322771265835058e+03 1.509989648686223063e+03 -3.296104819277957176e+00 -7.369320150601389230e+00 -5.685808758839272059e+00
3.565441123876681440e-01 -1.336271606076043561e+00 -2.068433669240757354e+03 -1.014338501420022908e+03 1.510088886942357249e+03 -3.303433396107095632e+00 -7.382072869453665476e+00 -5.698187672864506226e+00
4.296872034837012633e-01 -8.280273535079325509e-01 -2.057801399118582140e+03 -1.011347403135275272e+03 1.510008017957048651e+03 -3.297250839409059608e+00 -7.371401997266666228e+00 -5.687934795573568181e+00
1.829741400754096026e-01 -1.248273918516934478e+00 -2.077811928868752148e+03 -1.014511089983226952e+03 1.509946405451998999e+03 -3.293997193889879327e+00 -7.365174094172573405e+00 -5.680261146804639338e+00
5.924503291622634782e-01 -1.325502570365788557e+00 -2.056820704834191929e+03 -1.012299605680170885e+03 1.510152443559503354e+03 -3.305966771144539962e+00 -7.387408281558492718e+00 -5.704623283173873460e+00
3.907466004568662110e-01 -5.408852298604319708e-01 -2.053972197086498909e+03 -1.010252369097334963e+03 1.509973089067760156e+03 -3.294999018056387285e+00 -7.367349112763164953e+00 -5.683936236451714308e+00
4.125290162441103137e-01 -1.080638251145137563e+00 -2.062104842442613517e+03 -1.012610676230067838e+03 1.510051165904976642e+03 -3.300245261801080687e+00 -7.376694355776884038e+00 -5.693106299190858977e+00
2.932741317859214325e-01 -5.366905556758858609e-01 -2.056127968199568386e+03 -1.010390186648673080e+03 1.509972948313184816e+03 -3.295012634951262953e+00 -7.367362676660448528e+00 -5.683909534276054387e+00
1.452185272224423285e-01 -7.349437353108075888e-01 -2.065985477766005715e+03 -1.011384200980918081e+03 1.509979416088611970e+03 -3.295442398110083104e+00 -7.368129485942063184e+00 -5.684633387508284841e+00
7.901710822010980795e-02 -1.091729046376421985e+00 -2.081024640735687171e+03 -1.013021449041284541e+03 1.509951836663808081e+03 -3.293495126154994068e+00 -7.364713314831625723e+00 -5.681554623634326617e+00
2.216929378339538848e-01 -1.150090468954290124e-01 -2.045787265507387019e+03 -1.008946349923013258e+03 1.509937849148025634e+03 -3.292811602718643371e+00 -7.363374814189455719e+00 -5.679996806725242209e+00
8.484437215277160216e-02 -8.532395050453485119e-01 -2.072535168330672604e+03 -1.011816822202384856e+03 1.509981398367181100e+03 -3.295547334026139197e+00 -7.368329548282716246e+00 -5.684904533229897083e+00
3.888971368255025873e-01 -1.283135052438592494e+00 -2.065954063764665534e+03 -1.013807999212039817e+03 1.510092966401423155e+03 -3.303370705034694765e+00 -7.382123118937229833e+00 -5.698466019995038323e+00
2.135346458845537379e-02 -4.285308730707044766e-01 -2.058978526845718079e+03 -1.010068271340992169e+03 1.509978519463875045e+03 -3.295493058525096330e+00 -7.368168707785855531e+00 -5.684360618091062634e+00
5.541385310753331739e-01 -9.593281475163524252e-01 -2.055229352244360598e+03 -1.011301627678895557e+03 1.510041767117959125e+03 -3.299248392554829934e+00 -7.375085986119529480e+00 -5.691794481899421498e+00
5.484735339876496696e-02 -8.599301792331881522e-02 -2.045501213395602008e+03 -1.008903721259894837e+03 1.509936590416054514e+03 -3.292734567448292182e+00 -7.363234343324862152e+00 -5.679856388095998909e+00
5.989500418655768765e-01 -1.734585139981934532e-01 -2.044912983976042142e+03 -1.008902579937652490e+03 1.509936198730973501e+03 -3.292690907300141134e+00 -7.363164495784246810e+00 -5.679827909265014796e+00
5.539883427974797714e-01 -9.739136624615696292e-02 -2.043982291312037205e+03 -1.008776879661271096e+03 1.509931974178611654e+03 -3.292428826975651646e+00 -7.362688368827463137e+00 -5.679362280176661670e+00
4.888486153703780479e-01 -8.045083743927540221e-01 -2.055575355795386713e+03 -1.011023486932903779e+03 1.510008312924886468e+03 -3.297206810117643272e+00 -7.371353104262624356e+00 -5.687955574492107758e+00
2.390762205090869730e-01 -1.383759453545790219e+00 -2.076666704777704581e+03 -1.015355128672607634e+03 1.509994453133269644e+03 -3.297934017702232268e+00 -7.371833321926487770e+00 -5.686528590183314691e+00
6.940074193716654072e-02 -4.945578465680595670e-01 -2.060358232295348898e+03 -1.010317676377662565e+03 1.509979683618418676e+03 -3.295536072372044600e+00 -7.368261169415539769e+00 -5.684548170104179121e+00
2.796666912620015544e-01 -2.571752010146162171e-01 -2.049345605901565705e+03 -1.009365678879965458e+03 1.509950660238936962e+03 -3.293622213169328461e+00 -7.364839782909996302e+00 -5.681405462416648788e+00
3.755659108142608282e-01 -1.431116707090986928e+00 -2.068589898631023971e+03 -1.014727708348369561e+03 1.510131408610484186e+03 -3.306317671240378786e+00 -7.387217910944862354e+00 -5.703652727005930956e+00
4.982667256942485690e-02 -1.262019558600150138e+00 -2.089559133003234365e+03 -1.013587100826920846e+03 1.509931905827962964e+03 -3.291935201697469893e+00 -7.362049990791788900e+00 -5.679591338190135730e+00
2.628790563440555617e-01 -1.071297933511669687e+00 -2.069058163549510027e+03 -1.013206826824879613e+03 1.509994744539977091e+03 -3.296814948952544455e+00 -7.370406777513238694e+00 -5.686333542837815003e+00
3.538966701343089216e-01 -3.187281078775410226e-01 -2.049970438413816737e+03 -1.009504960889275822e+03 1.509954219571941394e+03 -3.293833045685744310e+00 -7.365227782757081343e+00 -5.681810644938465771e+00
5.590664287893820639e-01 -1.286651112999533941e+00 -2.057953974865507917e+03 -1.012458476558712960e+03 1.510139000339889662e+03 -3.305319285379141547e+00 -7.386136555362867284e+00 -5.703228707086012150e+00
1.318048138109449152e-01 -2.285617078886970077e-03 -2.042411441607231836e+03 -1.008607484831695274e+03 1.509926179739308509e+03 -3.292058938507921084e+00 -7.362021480756602898e+00 -5.678731073867226087e+00
5.001406050655805569e-01 -9.669689186103644918e-01 -2.057201533345360076e+03 -1.011622983843302222e+03 1.510040809725666804e+03 -3.299292331341803219e+00 -7.375114982097720429e+00 -5.691741378156507380e+00
1.097584267904834904e-01 -1.404824476803187228e+00 -2.087997064022699305e+03 -1.015438535926024542e+03 1.509863741400626623e+03 -3.288334063473939750e+00 -7.355151478724785363e+00 -5.669689048713053126e+00
2.159254459589011743e-01 -6.979836728505329768e-01 -2.062362621502593356e+03 -1.011204089083404256e+03 1.509979518262441843e+03 -3.295449223940693173e+00 -7.368141651337381859e+00 -5.684644332611028972e+00
5.269207142575600411e-01 -2.885254787886510908e-01 -2.047286498733363032e+03 -1.009229762251194416e+03 1.509946757466736017e+03 -3.293347028433970536e+00 -7.364356033478216546e+00 -5.680994479314904311e+00
5.378575381727175309e-01 -6.456681033899069888e-01 -2.052181917340798009e+03 -1.010274714852271927e+03 1.509984364434837971e+03 -3.295658710636587330e+00 -7.368568141034650409e+00 -5.685212014849199136e+00
1.005974346927031304e-01 -3.331547568377579704e-01 -2.053977721284745257e+03 -1.009739531575034562e+03 1.509963510344525275e+03 -3.294477372242909041e+00 -7.366364959876371188e+00 -5.682782354092935861e+00
3.089543042584945165e-01 -1.251599017383995927e+00 -2.069857895559560347e+03 -1.014134288030680409e+03 1.510038209899424601e+03 -3.300093573347396614e+00 -7.376076661723615757e+00 -5.691808573249517167e+00
5.872247227830463823e-01 -1.122530569321243510e+00 -2.055506924415994035e+03 -1.011662223541786716e+03 1.510084870428108388e+03 -3.301854851651683020e+00 -7.379867663411296519e+00 -5.696753674361787034e+00
5.406892335675338446e-01 -4.675493953877594144e-01 -2.049757891751165971e+03 -1.009705699293462999e+03 1.509962864021410496e+03 -3.294329914069066945e+00 -7.366150108003004959e+00 -5.682792919810225385e+00
4.205321979529998144e-02 -1.414104650003137120e+00 -2.096011438056373663e+03 -1.014292211029615714e+03 1.509892403479890845e+03 -3.289042053588332237e+00 -7.357030816015452501e+00 -5.675130447541747003e+00
9.254670602208955876e-03 -1.566703026997862125e-01 -2.048421219366554396e+03 -1.009166628146480434e+03 1.509946146043723502e+03 -3.293359797856680871e+00 -7.364354344941546060e+00 -5.680884191929436611e+00
2.683302972526925290e-01 -7.448132976121275561e-01 -2.061717957216477316e+03 -1.011378243481776963e+03 1.509983771043217985e+03 -3.295732709864580556e+00 -7.368647123521519404e+00 -5.685127931353278541e+00
2.496404675490035974e-01 -1.221305311840259922e+00 -2.072823544436943848e+03 -1.014201561622391523e+03 1.509994234597651484e+03 -3.297203590343940505e+00 -7.370890274747765147e+00 -5.686292784128411881e+00
5.503084862784272113e-01 -7.858417950617144765e-01 -2.053519722088916751e+03 -1.010707181605217556e+03 1.510006232084784187e+03 -3.297018443952765665e+00 -7.371039660633847745e+00 -5.687697400348469046e+00
4.677876872491634197e-01 -5.139355172542858785e-01 -2.051849252875050297e+03 -1.010002734558298471e+03 1.509969625443304949e+03 -3.294763809505525387e+00 -7.366931650815544685e+00 -5.683549980351045861e+00
1.157615146110538562e-01 -6.696176293981259686e-01 -2.065022771382934479e+03 -1.011052858552203929e+03 1.509981960377109544e+03 -3.295626116266589634e+00 -7.368450286755802381e+00 -5.684898072130835089e+00
4.038681689581288120e-02 -5.933430086669968517e-01 -2.064907979315241391e+03 -1.010631092606458424e+03 1.509991040050301081e+03 -3.296300168277184639e+00 -7.369619967469397182e+00 -5.685765824993225692e+00
1.511962334313469714e-01 -5.219168463128158741e-01 -2.059208342958024332e+03 -1.010438014321779292e+03 1.509975230829941438e+03 -3.295200428142322835e+00 -7.367680793636317560e+00 -5.684124430310191656e+00
1.302124972753018750e-01 -1.097959396486404060e+00 -2.077557715585448932e+03 -1.013384099462626978e+03 1.509945723367659866e+03 -3.293320501315122328e+00 -7.364286414840336192e+00 -5.680495109686930277e+00
5.282785328288563953e-01 -1.461705289816018105e+00 -2.060748551698200572e+03 -1.013410023038813165e+03 1.510207179878569150e+03 -3.309774337315502635e+00 -7.394169234032467841e+00 -5.711639821423801777e+00
5.873838292674084249e-02 -7.355438260023944297e-01 -2.069583231297632665e+03 -1.011201437701411692e+03 1.509992266314694689e+03 -3.296329353877638368e+00 -7.369696106451378625e+00 -5.686016335011416345e+00
1.979317098771506966e-01 -9.237312976992689828e-01 -2.068954726466537068e+03 -1.012414418540011070e+03 1.509975663255024756e+03 -3.295286488138174263e+00 -7.367805832980728553e+00 -5.684120311958608340e+00
1.192429131270798803e-01 -8.868055976589674927e-01 -2.071849624996874354e+03 -1.012110063593393761e+03 1.509973135457930312e+03 -3.295010537573091369e+00 -7.367366211730740133e+00 -5.683928843947370524e+00
3.296935636599409025e-01 -1.106613161643035914e+00 -2.066329800618094851e+03 -1.013170726573992624e+03 1.510026912523846931e+03 -3.298924633181968602e+00 -7.374191537509176442e+00 -5.690258575555390053e+00
1.682748285863068238e-01 -1.387139834848930997e+00 -2.082204796682719007e+03 -1.015533474777386346e+03 1.509917744909761495e+03 -3.292621196760478597e+00 -7.362442156537198912e+00 -5.676521854471829442e+00
9.630184514455109035e-02 -1.950088849524029833e-01 -2.049190517678685410e+03 -1.009263193796115388e+03 1.509948880024979417e+03 -3.293530786744327088e+00 -7.364664319758652766e+00 -5.681187610996857984e+00
4.074548589755230821e-01 -6.893047155777465296e-01 -2.056247623001620923e+03 -1.010817572846975963e+03 1.509988437746176032e+03 -3.295976422119167637e+00 -7.369113614141681978e+00 -5.685679128240494151e+00
4.742301810754518399e-01 -6.403968961839568985e-01 -2.053679937018845521e+03 -1.010441573982438740e+03 1.509984050406882261e+03 -3.295665778755505926e+00 -7.368567912706254219e+00 -5.685180006812743159e+00
2.570484180339093760e-01 -9.071752910199568642e-01 -2.065839128703954884e+03 -1.012256806221556076e+03 1.509987582183611721e+03 -3.296086558847946435e+00 -7.369230034105363814e+00 -5.685523640752933261e+00
4.348937557142493748e-01 -1.478087031595641809e+00 -2.065745639537799889e+03 -1.014424513935603954e+03 1.510185962199680944e+03 -3.309343530119974730e+00 -7.392940290210972876e+00 -5.710040723418146058e+00
3.455875481351775580e-01 -9.451912533119325444e-01 -2.062831348503525987e+03 -1.012221756835504834e+03 1.510010803272879230e+03 -3.297601853936214411e+00 -7.371949838561526747e+00 -5.688274429484053485e+00
2.175684639774050633e-01 -5.588387857819905324e-01 -2.058576970229830749e+03 -1.010563655375899771e+03 1.509974854340527600e+03 -3.295150759962609754e+00 -7.367603734021074047e+00 -5.684111695972788425e+00
4.778713445943332250e-01 -1.153363780833315033e+00 -2.060182048794344155e+03 -1.012547215121997851e+03 1.510085480108574302e+03 -3.302286497975387647e+00 -7.380460771361477157e+00 -5.697133229008031208e+00
4.512804638724411399e-01 -1.390888528199865082e-01 -2.045221942777520326e+03 -1.008913724106706468e+03 1.509936544529884941e+03 -3.292719930770033443e+00 -7.363213525779677582e+00 -5.679861225121811685e+00
3.517026985439791198e-01 -1.261418947693888626e-01 -2.045457744758182344e+03 -1.008926701756910916e+03 1.509937042970399943e+03 -3.292755482210054652e+00 -7.363275848335540275e+00 -5.679912778700327181e+00
1.346108000118194925e-01 -1.200375105603601611e-01 -2.046363959782234360e+03 -1.008994405277252326e+03 1.509939624974662593e+03 -3.292929112077899845e+00 -7.363584702915886737e+00 -5.680186807302888496e+00
4.444799634220095719e-01 -2.749592867970931387e-01 -2.047961496982856261e+03 -1.009279622394432408e+03 1.509947965123979884e+03 -3.293431956722884024e+00 -7.364505439655111729e+00 -5.681123109084012412e+00
2.687736397043980485e-01 -1.455224092176643502e-01 -2.046414656268713088e+03 -1.009020134470766152e+03 1.509940205899352577e+03 -3.292960502375876786e+00 -7.363644011738273321e+00 -5.680255496857682829e+00
7.826245445068046036e-02 -1.474344254630850504e+00 -2.093492280045374173e+03 -1.015590733007168410e+03 1.509828118749301439e+03 -3.285463372981325847e+00 -7.350295016764491152e+00 -5.665422180345188963e+00
4.182016481065276015e-01 -9.880232319829516108e-01 -2.060571294958332146e+03 -1.012130958933095258e+03 1.510033530119258330e+03 -3.299002494701483101e+00 -7.374505581526477727e+00 -5.690956861504986364e+00
5.240268498468920733e-01 -1.354541297802934308e+00 -2.060074356448521030e+03 -1.013026990679980827e+03 1.510162080847005200e+03 -3.306974500982448717e+00 -7.389051054143465080e+00 -5.706212259070341020e+00
1.868418753062101312e-01 -3.108721892407635412e-01 -2.052001706390755317e+03 -1.009615175212674217e+03 1.509958233486099289e+03 -3.294117468706531326e+00 -7.365727095739863728e+00 -5.682227454781326514e+00
3.949866266668876635e-01 -3.077397335437124237e-01 -2.049202974168562832e+03 -1.009427993641669786e+03 1.509952155942354466e+03 -3.293698295112847063e+00 -7.364986251436135944e+00 -5.681585175980742974e+00
5.544144908608868161e-02 -1.018997916412772931e+00 -2.080215543631034961e+03 -1.012401698492712285e+03 1.509977511934592030e+03 -3.295209201255204334e+00 -7.367765129191710116e+00 -5.684627380954154319e+00
2.600427344560408138e-01 -3.501858835853637331e-01 -2.052071432589846609e+03 -1.009701477327455564e+03 1.509959479572891041e+03 -3.294179504324461050e+00 -7.365847367652342825e+00 -5.682382947561336550e+00
4.711462522897589822e-01 -1.311759575385367471e+00 -2.062168201747277635e+03 -1.013306834246418134e+03 1.510135057643305117e+03 -3.305598850867454530e+00 -7.386388510896587434e+00 -5.703259771353657470e+00
3.682477654668565581e-01 -7.611901008186390261e-01 -2.058707603401097003e+03 -1.011241749369231911e+03 1.509993811726588319e+03 -3.296357388324111071e+00 -7.369782509315918162e+00 -5.686292014423315777e+00
2.264390425873134549e-01 -1.138675776903982584e+00 -2.072504689119110481e+03 -1.013717469857130823e+03 1.509978630039328664e+03 -3.295899261017325443e+00 -7.368693401420514988e+00 -5.684337879561851992e+00
5.859254447392258092e-01 -8.600277441856456484e-01 -2.053238220220813218e+03 -1.010797174229694747e+03 1.510019781333778155e+03 -3.297827414747416697e+00 -7.372527037698155539e+00 -5.689230713875517154e+00
5.141436386345915599e-01 -7.257642557739751865e-01 -2.053815650568988985e+03 -1.010631498273864281e+03 1.509996223796783397e+03 -3.296415321443475932e+00 -7.369933812335688117e+00 -5.686562468540330428e+00
3.082031985667152418e-01 -6.552871667337598627e-01 -2.058435392965737265e+03 -1.010885849650133878e+03 1.509981144301053064e+03 -3.295536697414377159e+00 -7.368307542123332610e+00 -5.684840426145740366e+00
1.864847337367007696e-01 -1.699498321919237220e-01 -2.047665294786232607e+03 -1.009136469585352643e+03 1.509944202121547733e+03 -3.293221255207924969e+00 -7.364111449057233472e+00 -5.680687048840653119e+00
8.685642192109176152e-03 -3.027239332383029335e-01 -2.054203404075530216e+03 -1.009660861850063384e+03 1.509964568433962086e+03 -3.294573256410387785e+00 -7.366524308769889728e+00 -5.682858095270887588e+00
3.308130981801130077e-01 -5.096289147087375015e-01 -2.054654300125370810e+03 -1.010227892537952812e+03 1.509970717978808352e+03 -3.294863850565889152e+00 -7.367097457580811692e+00 -5.683662194046618765e+00
4.591574729325723081e-01 -8.930979153653609837e-01 -2.057728462266351926e+03 -1.011512014969229085e+03 1.510021794450805373e+03 -3.298123612777487779e+00 -7.372981445538762557e+00 -5.689535735506908054e+00
1.353843174283359263e-01 -1.301927223551320623e+00 -2.082834058966537668e+03 -1.014813951430997349e+03 1.509906532370857803e+03 -3.291185438296963639e+00 -7.360236618826498045e+00 -5.675237732978644090e+00
3.157875044283504073e-01 -2.067255605710665023e-01 -2.047695487568942099e+03 -1.009180303130559196e+03 1.509945112569263529e+03 -3.293268403902629871e+00 -7.364201693854397490e+00 -5.680796686410047869e+00
1.474331147239000758e-02 -1.332808469419832997e+00 -2.096486120332923747e+03 -1.012844388043758727e+03 1.510005090207493140e+03 -3.296951197930525268e+00 -7.370909992070437511e+00 -5.688437142511617139e+00
1.714309368651424637e-01 -1.008390412896406518e+00 -2.072538836475627704e+03 -1.012911942562593481e+03 1.509965120349729659e+03 -3.294637847584965584e+00 -7.366622639915071602e+00 -5.682824343724647065e+00
2.313931052798969545e-01 -8.061621102015494866e-01 -2.064547262735098229e+03 -1.011740935017523043e+03 1.509981938895975418e+03 -3.295636830866612854e+00 -7.368463556240918422e+00 -5.684901303306190812e+00
5.642546101441650030e-01 -2.382326962391385639e-01 -2.046129842820361773e+03 -1.009068712787208369e+03 1.509941671497499101e+03 -3.293030792413617291e+00 -7.363781815935816155e+00 -5.680431838818464030e+00
3.875915829200106133e-01 -2.138459575246054456e-02 -2.042841533218402219e+03 -1.008649970166908361e+03 1.509927656396303519e+03 -3.292154379094995420e+00 -7.362192995046207500e+00 -5.678891034548129824e+00
5.391175381351166473e-01 -1.051429609790210939e+00 -2.056673588513700452e+03 -1.011729676601019719e+03 1.510064302755428571e+03 -3.300706498294857738e+00 -7.377712607543621459e+00 -5.694453278132868945e+00
5.902247403962382899e-01 -5.455204976757523916e-01 -2.049808464665904467e+03 -1.009818120822837045e+03 1.509969757531310279e+03 -3.294739260082451437e+00 -7.366903053489039621e+00 -5.683564364057289708e+00
2.035632838912393716e-01 -1.489646574987564254e+00 -2.081471771820413778e+03 -1.016272164747406464e+03 1.509954494265219637e+03 -3.295909452505838999e+00 -7.367882239908638553e+00 -5.681548634225563887e+00
2.621797081297386200e-01 -4.761840843083340324e-01 -2.055333813458103123e+03 -1.010178217239018068e+03 1.509969171844506945e+03 -3.294783778868293211e+00 -7.366943995977628390e+00 -5.683475174742937952e+00
3.813088421090484736e-01 -4.240242870710788647e-01 -2.051832773095387893e+03 -1.009833176356380363e+03 1.509962722486829307e+03 -3.294354658213819675e+00 -7.366178564700405218e+00 -5.682766820130822794e+00
3.006544837439776852e-01 -9.969676599954254703e-01 -2.065737142673010112e+03 -1.012656899277842740e+03 1.510003832533130662e+03 -3.297257112942475032e+00 -7.371276371167482466e+00 -5.687442324125271398e+00
5.183407925498709767e-01 -6.047691483632711140e-02 -2.043450886689368190e+03 -1.008714914738768584e+03 1.509929881197384702e+03 -3.292296626958830075e+00 -7.362449351720748325e+00 -5.679133221475041182e+00
2.480317458176672651e-01 -4.928018096019459726e-02 -2.043768858234911022e+03 -1.008741615799566148e+03 1.509930842501784809e+03 -3.292360287916721973e+00 -7.362563038027609252e+00 -5.679236180761321862e+00
5.072054859267578486e-01 -3.882770458364399602e-01 -2.049131401365942111e+03 -1.009531023995914438e+03 1.509956148500027439e+03 -3.293925200194507852e+00 -7.365408781115995396e+00 -5.682040347171451344e+00
1.275514185187727745e-01 -4.192341830173980100e-01 -2.056431113311772606e+03 -1.010042450349331148e+03 1.509969825202705806e+03 -3.294872496671473527e+00 -7.367081214202450212e+00 -5.683494873676082193e+00
1.042658169560608805e-01 -7.743162598018530351e-01 -2.068938111334380665e+03 -1.011508476614293158e+03 1.509981777943597308e+03 -3.295593161082308598e+00 -7.368401393377922659e+00 -5.684910694980473522e+00
1.586061286796660360e-03 -9.848325776902500106e-01 -2.082923950866754240e+03 -1.011492309480753192e+03 1.510044979154834436e+03 -3.300049461077605883e+00 -7.376233546665226015e+00 -5.691323912823435194e+00
9.336429789740978424e-02 -1.183280351461144519e+00 -2.082878325417360429e+03 -1.013710514450759092e+03 1.509926767427815776e+03 -3.291912695359769714e+00 -7.361850216596408814e+00 -5.678334062485973277e+00
4.273993503826956641e-01 -5.719549510173960183e-01 -2.053704765964332182e+03 -1.010298357892046965e+03 1.509976089305007008e+03 -3.295178544866928405e+00 -7.367678756755559277e+00 -5.684277545072603743e+00
2.759052780247028824e-01 -1.322866801595081965e+00 -2.073070493842445103e+03 -1.014763539007241206e+03 1.510023725872157002e+03 -3.299506610319156152e+00 -7.374838001524565811e+00 -5.690137939675395273e+00
5.954050063457604347e-01 -1.229730249227722449e+00 -2.056014667686584744e+03 -1.011957419529476965e+03 1.510118308217093272e+03 -3.303876375789229769e+00 -7.383579711310460425e+00 -5.700622922374165569e+00
4.188323683831579047e-01 -1.211291066386037896e+00 -2.063535295224102356e+03 -1.013224061385848472e+03 1.510085670698287686e+03 -3.302616491184608094e+00 -7.380901509014137218e+00 -5.697373889642733502e+00
3.494394200920593052e-01 -1.240525139152305112e+00 -2.067443814841325548e+03 -1.013834315232077870e+03 1.510060948070989980e+03 -3.301392376159071773e+00 -7.378506577469465810e+00 -5.694554790165923919e+00
1.611798154652371862e-01 -6.307612232456445422e-01 -2.062267723606834807e+03 -1.010904287862489241e+03 1.509978635170325788e+03 -3.295401411768011712e+00 -7.368051188870403223e+00 -5.684532415109146086e+00
8.738002617082181456e-02 -3.862953228526810889e-02 -2.043704895018266598e+03 -1.008732797048508473e+03 1.509930561374844046e+03 -3.292342908481487029e+00 -7.362531434517983087e+00 -5.679205072045562019e+00
1.271034848393326477e-02 -6.811420548101880801e-01 -2.069434882155330342e+03 -1.010823159867910590e+03 1.510006261122547130e+03 -3.297355674439074846e+00 -7.371482910882356521e+00 -5.687329518599781863e+00
3.348061070389286020e-01 -1.406365167662734228e+00 -2.070704481301710985e+03 -1.014915338943063261e+03 1.510091844986019169e+03 -3.304002878126368614e+00 -7.382910142341778226e+00 -5.698839359875535138e+00
5.249981388034895557e-01 -8.840670319530180565e-01 -2.055401269222777046e+03 -1.011173921608487376e+03 1.510024554749605841e+03 -3.298204897305311079e+00 -7.373174224100360163e+00 -5.689820255054442555e+00
6.249564510520084354e-02 -3.927527087042115284e-01 -2.056769775477952408e+03 -1.009957201362361957e+03 1.509971379548699588e+03 -3.295001772561818143e+00 -7.367299883441098984e+00 -5.683623892118816912e+00
3.931656547430253390e-01 -8.723407736176156391e-01 -2.059763207543440330e+03 -1.011684643148702435e+03 1.510010159261566059e+03 -3.297447161302329732e+00 -7.371727117180569167e+00 -5.688191247528962435e+00
1.730939122072731179e-02 -1.578564152354400285e-02 -2.042937566915717980e+03 -1.008658388144875744e+03 1.509927957897591568e+03 -3.292174209553706987e+00 -7.362228470697615990e+00 -5.678923422656907860e+00
4.857862477220167841e-01 -1.465438255202025086e+00 -2.062908658616205230e+03 -1.013857213205556377e+03 1.510200415688650082e+03 -3.309737626479602568e+00 -7.393914011598631930e+00 -5.711260373569800208e+00
7.609489686951129150e-02 -1.346765667896251406e+00 -2.089701100083741039e+03 -1.014608737031092573e+03 1.509880538748344634e+03 -3.288746057665093758e+00 -7.356252707963626847e+00 -5.672586129304704627e+00
5.140258940192621306e-01 -5.681807451939675513e-01 -2.051696895043119184e+03 -1.010082279338763669e+03 1.509974843760115846e+03 -3.295075337518596825e+00 -7.367503950380246636e+00 -5.684138268475251721e+00
2.100347439877293942e-01 -1.317054948812582893e+00 -2.077412479242621885e+03 -1.014972657641005071e+03 1.509963992390757994e+03 -3.295553614812774867e+00 -7.367757096930738214e+00 -5.682499646348716738e+00
2.290145471487262385e-01 -1.002876387090655408e+00 -2.069324530241824050e+03 -1.012859343301819308e+03 1.509981152954532945e+03 -3.295777148781667165e+00 -7.368619723846514091e+00 -5.684712577751710683e+00
1.081442981362248645e-01 -9.941172104573340329e-01 -2.075852845961868297e+03 -1.012659228975615861e+03 1.509961953624124362e+03 -3.294258270338104921e+00 -7.366029132012187119e+00 -5.682622428794971370e+00
1.393022118329745040e-01 -2.456856090261136938e-01 -2.050509566052567152e+03 -1.009415440522060408e+03 1.509953288237776405e+03 -3.293810183780465195e+00 -7.365169028063725420e+00 -5.681673555712578150e+00
3.967951168870189615e-01 -1.873446044092994534e-01 -2.046592536004585099e+03 -1.009071073511262284e+03 1.509941613914389109e+03 -3.293041541362470070e+00 -7.363794337558545067e+00 -5.680416573026306537e+00
3.739050632876225744e-01 -1.065178029804955351e+00 -2.063585469984251176e+03 -1.012733586857029536e+03 1.510036535705383812e+03 -3.299380103206715376e+00 -7.375095497033782976e+00 -5.691376490835722279e+00
5.214975107046075919e-01 -1.219299717649119152e+00 -2.058982965081289876e+03 -1.012507121150957573e+03 1.510112905435240009e+03 -3.303865423373054000e+00 -7.383402265581750612e+00 -5.700290115414844649e+00
4.937337876766678124e-01 -2.164835300575933541e-01 -2.046396985693628494e+03 -1.009078077765510329e+03 1.509941824689353780e+03 -3.293046763251822995e+00 -7.363807671534765120e+00 -5.680445226339244869e+00
2.357535229527582543e-01 -2.265514219563913301e-01 -2.048947262928597866e+03 -1.009294639049071748e+03 1.509948854124302898e+03 -3.293513696853949568e+00 -7.364640881531990146e+00 -5.681200928338910217e+00
2.545028716668231716e-01 -6.354789090831766130e-01 -2.059545472598108063e+03 -1.010871975484189647e+03 1.509978421249485336e+03 -3.295370041376088466e+00 -7.368003362845946924e+00 -5.684525403280190403e+00
9.080657081836500388e-02 -5.843993197253445349e-01 -2.062967192770754082e+03 -1.010671630215990945e+03 1.509982654171302556e+03 -3.295703622448002079e+00 -7.368573870571943019e+00 -5.684923565318911187e+00
3.623677904214809287e-01 -6.219007940869785145e-01 -2.056240011599145419e+03 -1.010636693853208499e+03 1.509980211386437077e+03 -3.295459859525408319e+00 -7.368177408485109936e+00 -5.684740350804119657e+00
4.534031384007399246e-01 -7.480635228648314650e-01 -2.055856730009440525e+03 -1.010925036179336189e+03 1.509997943965948480e+03 -3.296566728621314724e+00 -7.370187015985244727e+00 -5.686767138582766279e+00
5.720927669902473589e-01 -3.985669250483623305e-01 -2.048299873998470503e+03 -1.009454116408158029e+03 1.509954893687024196e+03 -3.293836835548290765e+00 -7.365253346182946359e+00 -5.681903017737056416e+00
3.184871518896287834e-01 -3.660999260202510985e-01 -2.051580441304851320e+03 -1.009703038777162305e+03 1.509959251468575303e+03 -3.294152540469042378e+00 -7.365804716701191523e+00 -5.682368269858969256e+00
2.907404955601775032e-01 -1.163205108143157140e+00 -2.069341343993794908e+03 -1.013676161476421726e+03 1.510015148652210883e+03 -3.298360914958038848e+00 -7.373076004452038035e+00 -5.688861129264310534e+00
1.385779788637256371e-01 -1.495126969403354433e+00 -2.087501492406047873e+03 -1.016333832689812198e+03 1.509864106180663157e+03 -3.289326851230214288e+00 -7.356412774249484698e+00 -5.669427030686918556e+00
3.830808734179006868e-03 -5.198764076863875427e-01 -2.063106638435823697e+03 -1.010330700262782784e+03 1.509991492854258013e+03 -3.296374436461803725e+00 -7.369732447498016370e+00 -5.685715775106018555e+00
1.766049423527792650e-01 -8.236365684529305398e-01 -2.067270002123520499e+03 -1.011855201239138523e+03 1.509977099413959422e+03 -3.295306223178101845e+00 -7.367877977395018263e+00 -5.684349444094806358e+00
2.480515955008485637e-02 -1.165211123372428492e+00 -2.088418905627248023e+03 -1.012545221828472904e+03 1.509996670277442263e+03 -3.296453832921486082e+00 -7.369996588600479015e+00 -5.687056890117943908e+00
5.964883665323397199e-01 -1.024201112770242172e+00 -2.054365566282012878e+03 -1.011274322179449882e+03 1.510057281489197521e+03 -3.300129591603877088e+00 -7.376730392392836677e+00 -5.693533318660868758e+00
1.821214828750051251e-01 -1.096229959512151630e-02 -2.042682553069867936e+03 -1.008633890380252637e+03 1.509927100128321399e+03 -3.292118548239841402e+00 -7.362128546767230830e+00 -5.678830682403244623e+00
4.558584020723698838e-01 -5.006951675750936914e-03 -2.042440099920694365e+03 -1.008610311408432267e+03 1.509926277953974932e+03 -3.292065288012906876e+00 -7.362032890568286803e+00 -5.678741712222702631e+00
4.122834197479942620e-01 -1.376278628987493091e+00 -2.065864618245586371e+03 -1.014116791034721473e+03 1.510134787494333523e+03 -3.306095581779629811e+00 -7.387035397267034398e+00 -5.703686271607139702e+00
1.660826797196702231e-01 -1.156621199914952935e+00 -2.076731108845869130e+03 -1.013863428765586718e+03 1.509947382070255571e+03 -3.293705423619314843e+00 -7.364834737022185607e+00 -5.680501385028378536e+00
4.657734884683886190e-01 -1.030257376757216958e+00 -2.059248462980620843e+03 -1.012078123264765168e+03 1.510051162587060162e+03 -3.300056880233228185e+00 -7.376446551797698703e+00 -5.693015041384398955e+00
1.942657959254029953e-01 -4.520457648020232977e-01 -2.056097658232038611e+03 -1.010137973801511407e+03 1.509969333248310704e+03 -3.294814879655348250e+00 -7.366989984752024156e+00 -5.683472528585028272e+00
4.423524726827273157e-01 -4.084610499185505894e-01 -2.050496416102595504e+03 -1.009692226039940806e+03 1.509959874461995696e+03 -3.294166314199856060e+00 -7.365842046812943522e+00 -5.682453007458150296e+00
4.419575002637459588e-02 -8.485879315552306013e-01 -2.074553165139686826e+03 -1.011568055477599046e+03 1.509997365164792654e+03 -3.296650412925203000e+00 -7.370276983328857057e+00 -5.686640156090788878e+00
5.786882390670317067e-01 -7.047392503393350438e-01 -2.051855885992914864e+03 -1.010329900984230335e+03 1.509992122252961053e+03 -3.296119452741095301e+00 -7.369416002182113345e+00 -5.686084031996585963e+00
3.134142796139008369e-01 -5.638768621953160753e-02 -2.043829154721251825e+03 -1.008749228090061592e+03 1.509931091655489581e+03 -3.292375864725329393e+00 -7.362591278101518810e+00 -5.679263598649953337e+00
2.661509169811274167e-01 -1.481199625623412564e+00 -2.076444684230349594e+03 -1.015894096617398191e+03 1.510038023143079499e+03 -3.301278477759751695e+00 -7.377595543811104051e+00 -5.692461620412331058e+00
3.061569496166486881e-01 -8.399269892252055891e-01 -2.062403405058310909e+03 -1.011789371280088289e+03 1.509993319059999521e+03 -3.296395265177011424e+00 -7.369816359364115499e+00 -5.686220318463099943e+00
5.460119309428457073e-03 -1.490573602967196987e+00 -2.104788395861526169e+03 -1.012769789828493458e+03 1.510046508525974787e+03 -3.299935125409774628e+00 -7.376115275520895409e+00 -5.692918601616469232e+00
5.884916268311067844e-01 -6.520973359700255045e-02 -2.043359267522776690e+03 -1.008707026594656554e+03 1.509929603751887498e+03 -3.292278301294913945e+00 -7.362416603453311836e+00 -5.679103438374568213e+00
5.691590147166287750e-01 -1.417091756524750945e+00 -2.058488012288802565e+03 -1.012832975218454976e+03 1.510189786530640504e+03 -3.308382165741534209e+00 -7.391774274533936762e+00 -5.709181320699457274e+00
5.112535822818443237e-02 -2.033764518587850567e-01 -2.049883541317819436e+03 -1.009311589604248411e+03 1.509950971424394083e+03 -3.293671744182177008e+00 -7.364914906639420167e+00 -5.681408118220986125e+00
